#  Cluster            d (kpc)   σ₀ (km/s)   R_h (pc)    M_pub (M⊙)    M_gaia (M⊙)    Gaia_Err
────────────────────────────────────────────────────────────────────────────────────────────────────
  1  Rup_106                 20.71      1.60      7.62      3.40e+04      3.39e+04     -0.4%
  2  NGC_2808                10.06     13.80      2.45      7.91e+05      7.86e+05     -0.6%
  3  NGC_1851                11.95     10.30      1.75      2.83e+05      2.80e+05     -1.0%
  4  NGC_6496                 9.64      3.00      4.26      7.44e+04      7.52e+04     +1.1%
  5  NGC_6144                 8.15      3.90      3.70      8.46e+04      8.36e+04     -1.2%
  6  Pal_12                  18.49      0.70      7.06      6.19e+03      6.11e+03     -1.3%
  7  NGC_6517                 9.23      9.20      1.70      2.16e+05      2.21e+05     +2.2%
  8  Pal_2                   26.17      5.00      4.82      2.20e+05      2.15e+05     -2.5%
  9  NGC_7078                10.71     13.10      2.03      5.18e+05      5.05e+05     -2.6%
 10  Ter_1                    5.67      9.80      1.47      1.99e+05      1.94e+05     -2.7%
 11  NGC_6388                11.17     16.30      2.61      1.31e+06      1.35e+06     +2.9%
 12  Pal_10                   8.94      3.90      4.03      1.25e+05      1.21e+05     -3.1%
 13  NGC_6218                 5.11      4.70      2.72      1.06e+05      1.10e+05     +3.4%
 14  NGC_5904                 7.48      7.90      3.52      3.92e+05      3.77e+05     -3.8%
 15  NGC_6139                10.04     11.70      1.85      3.52e+05      3.38e+05     -4.0%
 16  NGC_6426                20.71      2.80      5.20      7.31e+04      7.01e+04     -4.1%
 17  IC_4499                 18.89      2.90     10.26      1.50e+05      1.56e+05     +4.3%
 18  Pal_1                   11.18      0.50      2.01      9.26e+02      8.80e+02     -5.0%
 19  NGC_6838                 4.00      2.60      3.32      3.78e+04      3.97e+04     +5.0%
 20  NGC_6341                 8.50      9.10      2.03      2.73e+05      2.88e+05     +5.4%
 21  NGC_288                  8.99      3.10      5.84      9.62e+04      1.02e+05     +5.6%
 22  NGC_6760                 8.41      6.60      3.35      2.86e+05      3.03e+05     +5.9%
 23  NGC_7006                39.32      4.20      4.31      1.32e+05      1.40e+05     +6.1%
 24  NGC_6171                 5.63      3.90      2.58      6.12e+04      6.57e+04     +7.4%
 25  NGC_5466                16.12      1.90      9.55      5.61e+04      6.02e+04     +7.4%
 26  NGC_6266                 6.03     14.80      1.74      5.81e+05      5.34e+05     -8.0%
 27  NGC_5897                12.55      3.60      7.62      1.67e+05      1.53e+05     -8.2%
 28  Arp_2                   28.73      1.30     14.21      3.87e+04      4.19e+04     +8.2%
 29  NGC_6864                20.52     12.30      2.05      4.59e+05      4.20e+05     -8.6%
 30  NGC_6779                10.43      5.80      2.96      1.66e+05      1.81e+05     +9.1%
 31  NGC_6273                 8.34     11.60      3.16      7.19e+05      6.53e+05     -9.2%
 32  NGC_5272                10.18      8.20      3.40      4.09e+05      4.47e+05     +9.3%
 33  Pal_11                  14.02      1.10      6.10      1.42e+04      1.29e+04     -9.4%
 34  NGC_6121                 1.85      4.70      2.50      9.04e+04      8.16e+04     -9.7%
 35  E_3                      7.88      0.60      4.39      2.56e+03      2.81e+03     +9.9%
 36  NGC_4372                 5.71      4.40      5.77      1.89e+05      2.08e+05     +9.9%
 37  NGC_6553                 5.33      8.50      2.30      2.29e+05      2.05e+05    -10.5%
 38  IC_1276                  4.55      3.70      3.20      7.43e+04      6.63e+04    -10.7%
 39  NGC_5053                17.54      1.80     12.40      6.28e+04      6.97e+04    +11.0%
 40  NGC_6205                 7.42      8.90      3.47      4.84e+05      4.30e+05    -11.2%
 41  NGC_6809                 5.35      5.00      4.60      1.97e+05      1.75e+05    -11.2%
 42  NGC_6304                 6.15      5.70      1.83      1.03e+05      9.12e+04    -11.5%
 43  NGC_6254                 5.07      6.20      2.99      1.89e+05      1.67e+05    -11.8%
 44  NGC_4590                10.40      4.00      4.44      1.28e+05      1.44e+05    +12.1%
 45  Pal_15                  44.10      1.30     20.01      5.25e+04      5.89e+04    +12.2%
 46  Ter_3                    7.64      2.10      4.70      3.25e+04      3.65e+04    +12.3%
 47  NGC_5286                11.10     10.70      2.37      4.24e+05      4.76e+05    +12.3%
 48  NGC_6235                11.94      4.10      3.36      9.60e+04      1.08e+05    +12.4%
 49  Ter_8                   27.54      1.80     15.17      7.59e+04      8.55e+04    +12.7%
 50  Pal_8                   11.32      3.20      3.46      7.13e+04      6.20e+04    -13.1%
 51  NGC_6352                 5.54      3.40      3.23      6.02e+04      6.87e+04    +14.1%
 52  NGC_7492                24.39      1.30      7.62      1.97e+04      2.25e+04    +14.3%
 53  Pyxis                   36.53      1.10     17.05      3.22e+04      3.69e+04    +14.5%
 54  Ter_2                    7.75      4.30      2.40      8.05e+04      9.24e+04    +14.8%
 55  NGC_6101                14.45      3.30      9.59      1.74e+05      2.00e+05    +15.0%
 56  NGC_104                  4.52     11.90      4.03      8.53e+05      9.83e+05    +15.2%
 57  NGC_3201                 4.74      4.50      5.17      1.93e+05      1.63e+05    -15.4%
 58  NGC_6752                 4.12      7.70      2.86      2.61e+05      2.20e+05    -15.7%
 59  Pal_4                  101.39      0.80     15.88      1.53e+04      1.77e+04    +15.8%
 60  NGC_6723                 8.27      5.90      3.64      1.97e+05      2.28e+05    +15.9%
 61  NGC_2419                88.47      5.10     19.76      7.83e+05      9.09e+05    +16.1%
 62  Ter_7                   24.28      1.30      6.34      2.23e+04      1.87e+04    -16.2%
 63  NGC_6333                 8.30      8.60      2.74      3.08e+05      3.59e+05    +16.6%
 64  NGC_6626                 5.37     10.40      1.61      2.70e+05      2.25e+05    -16.8%
 65  NGC_6287                 7.93      6.80      1.94      1.30e+05      1.52e+05    +16.9%
 66  Ter_12                   5.17      3.30      1.78      3.76e+04      3.10e+04    -17.4%
 67  NGC_6440                 8.25     14.00      1.32      5.69e+05      4.67e+05    -18.0%
 68  NGC_4833                 6.48      6.00      3.26      1.86e+05      2.20e+05    +18.0%
 69  IC_1257                 26.59      1.70      4.13      1.77e+04      2.09e+04    +18.0%
 70  NGC_6366                 3.44      2.50      3.78      4.66e+04      3.82e+04    -18.1%
 71  NGC_5634                25.96      5.90      4.57      2.47e+05      2.94e+05    +19.2%
 72  NGC_6656                 3.30      9.10      3.18      4.70e+05      3.76e+05    -20.1%
 73  NGC_6441                12.73     17.60      2.14      1.39e+06      1.11e+06    -20.1%
 74  NGC_5986                10.54      8.00      2.84      2.99e+05      3.68e+05    +23.2%
 75  NGC_6402                 9.14     10.20      3.54      5.95e+05      7.35e+05    +23.6%
 76  Pal_14                  73.58      0.70     27.63      1.91e+04      2.36e+04    +23.6%
 77  NGC_6362                 7.65      3.70      5.13      1.17e+05      1.45e+05    +23.8%
 78  NGC_5139                 5.43     18.00      7.56      3.94e+06      3.00e+06    -23.8%
 79  NGC_5927                 8.27      6.60      3.11      2.93e+05      2.22e+05    -24.1%
 80  Ton_2                    6.99      3.00      2.86      4.31e+04      5.35e+04    +24.2%
 81  NGC_6981                16.66      3.50      4.14      8.12e+04      1.01e+05    +24.7%
 82  Eridanus                84.68      0.70     13.64      9.29e+03      1.17e+04    +25.4%
 83  Liller_1                 8.06     19.60      1.30      1.01e+06      1.28e+06    +26.5%
 84  NGC_5024                18.50      6.80      6.46      5.02e+05      6.38e+05    +27.1%
 85  NGC_362                  8.83      8.60      2.21      2.52e+05      3.22e+05    +27.8%
 86  ESO_452-SC11             7.39      1.40      2.48      7.32e+03      5.23e+03    -28.5%